LocalDT.LogoutRewardCfg =
{
	TimeExpReward = --每小时得到的经验值
	{
		1450	,--1级
		2250	,
		2890	,
		3700	,
		4340	,
		5150	,
		5790	,
		6590	,
		7240	,
		8040	,
		8680	,
		9490	,
		10130	,
		10930	,
		11580	,
		12380	,
		13020	,
		13830	,
		14470	,
		15280	,
		15920	,
		16720	,
		17370	,
		18170	,
		18810	,
		19620	,
		20260	,
		21060	,
		21710	,
		22510	,
		23160	,
		23960	,
		24600	,
		25410	,
		26050	,
		26850	,
		27500	,
		28300	,
		28940	,
		29750	,
		30390	,
		31200	,
		31840	,
		32640	,
		33290	,
		34090	,
		34730	,
		35540	,
		36180	,
		36980	,
		37630	,
		38430	,
		39070	,
		39880	,
		40520	,
		41330	,
		41970	,
		42770	,
		43420	,
		44220	,
		44860	,
		45670	,
		46310	,
		47110	,
		47760	,
		48560	,
		49200	,
		50010	,
		50650	,
		51460	,
		52100	,
		52900	,
		53550	,
		54350	,
		54990	,
		55800	,
		56440	,
		57240	,
		57890	,
		58690	,
		59340	,
		60140	,
		60780	,
		61590	,
		62230	,
		63030	,
		63680	,
		64480	,
		65120	,
		65930	,
		66570	,
		67380	,
		68020	,
		68820	,
		69470	,
		70270	,
		70910	,
		71720	,
		72360	,
		73160	,--100级
	},--总共配置了100级
	
	VIPtime = {  --vip1到10离线奖励可积累的时间
    4,8,8,12,12,18,18,24,24,24
},

	TimeExp1 = {1,0},		--免费领取1小时经验的倍数,前面是倍数1
	TimeExp2 = {2,25},	    --领取2倍离线经验，需要花费的贝币，前面是倍数，后面是天珠数
	TimeExp3 = {3,50},		--领取3倍离线经验，需要花费的天珠，前面是倍数，后面是天珠数
	TimeExp4 = {4,100},		--领取4倍离线经验，需要花费的天珠，前面是倍数，后面是天珠数	
}