-- 场景副本NPC属性动态变化配置
DynPropConfig = 
{
-- 等级差为0级时最大HP、外攻、内攻的倍率
{0,0,0,0,0,0,0,0,0,0,},
{0.02793,0.000769999999999937,-0.06717,-0.06717,0.02898,0.02898,0.1,0.0588200000000001,0,0,},
{0.10614,0.00154999999999994,0.14179,0.14179,0.0579700000000001,0.0579700000000001,0.2,0.11764,0,0,},
{0.14804,0.0023200000000001,0.09701,0.09701,0.10144,0.10144,0.3,0.17647,0,0,},
{0.18715,0.0031000000000001,0.21641,0.21641,0.14492,0.14492,0.4,0.2647,0,0,},
{0.56424,0.00387000000000004,0.19402,0.19402,0.49275,0.49275,0.5,0.35294,0,0,},
{0.62011,0.00465000000000004,0.42537,0.42537,0.55072,0.55072,0.6,0.47058,0,0,},
{0.9553,0.00543000000000005,0.44776,0.44776,0.81159,0.81159,0.7,0.55882,0,0,},
{1.01955,0.00619999999999998,0.41791,0.41791,0.86956,0.86956,0.8,0.67647,0,0,},
{1.15363,0.00697999999999999,0.74626,0.74626,0.92753,0.92753,0.9,0.79411,0,0,},
{1.65083,0.00774999999999992,0.71641,0.71641,0.9855,0.9855,1,0.94117,0,0,},
{2.35474,0.00852999999999993,1.0597,1.0597,1.05797,1.05797,1.1,1.05882,0,0,},
{3.03072,0.00930000000000009,1,1,1.13043,1.13043,1.2,1.23529,0,0,},
{3.71229,0.0100800000000001,0.93283,0.93283,1.21739,1.21739,1.3,1.38235,0,0,},
{4.42458,0.0108600000000001,0.88059,0.88059,1.28985,1.28985,1.4,1.52941,0,0,},
{5.34636,0.01163,0.83582,0.83582,1.37681,1.37681,1.5,1.70588,0,0,},
{6.081,0.01241,0.7985,0.7985,1.46376,1.46376,1.6,1.88235,0,0,},
{6.80726,0.01318,0.76119,0.76119,1.55072,1.55072,1.7,2.05882,0,0,},
{7.57262,0.01396,0.73134,0.73134,1.65217,1.65217,1.8,2.2647,0,0,},
{8.94692,0.01474,0.70895,0.70895,2.27536,2.27536,1.9,2.47058,0,0,},
{9.3715,0.0155099999999999,0.68656,0.68656,2.37681,2.37681,2,2.67647,0,0,},
{9.7905,0.0162899999999999,0.66417,0.66417,2.49275,2.49275,2.1,2.88235,0,0,},
{12.64804,0.0170600000000001,1.08208,1.08208,4.72463,4.72463,2.2,3.11764,0,0,},
{13.08379,0.0178400000000001,1.05223,1.05223,4.84057,4.84057,2.3,3.35294,0,0,},
{13.52793,0.01861,1.04477,1.04477,4.95652,4.95652,2.4,3.58823,0,0,},
{14.59497,0.01939,1.02985,1.02985,5.37681,5.37681,2.5,3.82352,0,0,},
{15.36592,0.02017,1.00746,1.00746,5.7826,5.7826,2.6,4.08823,0,0,},
{16.01675,0.02094,1.02985,1.02985,6.10144,6.10144,2.7,4.35294,0,0,},
{16.80726,0.02172,1.01492,1.01492,6.24637,6.24637,2.8,4.61764,0,0,},
{20.22067,0.0224899999999999,2.94776,2.94776,8.33333,8.33333,3.16,5.2647,0,0,},
{21.20111,0.0232699999999999,3,3,8.94202,8.94202,3.52,5.94117,0,0,},
{23.30446,0.0240400000000001,2.96268,2.96268,9.55072,9.55072,3.62,6.23529,0,0,},
{24.48324,0.0248200000000001,3.15671,3.15671,10.1884,10.1884,3.72,6.52941,0,0,},
{35.16201,0.0256000000000001,3.32089,3.32089,12.15942,12.15942,4.08,7.20588,0,0,},
{40.31564,0.02637,3.52985,3.52985,16.66666,16.66666,4.18,7.5,0,0,},
{41.8743,0.02715,3.54477,3.54477,17.30434,17.30434,4.66,8.38235,0,0,},
{43.13128,0.0279199999999999,3.5597,3.5597,17.97101,17.97101,4.76,8.70588,0,0,},
{45.63128,0.0286999999999999,3.59701,3.59701,19.69565,19.69565,5.46,10.82352,0,0,},
{46.94134,0.02948,3.94029,3.94029,20.34782,20.34782,8.14,11.14705,0,0,},
{50.75418,0.0302500000000001,6.71641,6.71641,22.95652,22.95652,10.82,15.2647,0,0,},
{53.63407,0.0310299999999999,6.88805,6.88805,25.10144,25.10144,12.04,16.44117,0,0,},
{54.77374,0.0318000000000001,6.95522,6.95522,25.44927,25.44927,12.14,16.82352,0,0,},
{58.86033,0.0325800000000001,6.90298,6.90298,28.75362,28.75362,14,18.94117,0,0,},
{60.80726,0.03335,6.90298,6.90298,29.66666,29.66666,14.1,19.32352,0,0,},
{62.8296,0.03413,6.94029,6.94029,31.11594,31.11594,19.16,22.05882,0,0,},
{64.87988,0.03491,6.94029,6.94029,32.01449,32.01449,19.26,22.44117,0,0,},
{66.55307,0.0356799999999999,7.01492,7.01492,32.92753,32.92753,19.92,22.82352,0,0,},
{69.51675,0.0364599999999999,7.32089,7.32089,34.81159,34.81159,21.18,25.23529,0,0,},
{70.56703,0.0372300000000001,7.31343,7.31343,35.20289,35.20289,21.28,25.64705,0,0,},
{106.01117,0.0380100000000001,10.02985,10.02985,39.50724,39.50724,21.38,26.05882,0,0,},
{108.41899,0.03878,10.06716,10.06716,40.49275,40.49275,21.48,26.47058,0,0,},
{114.04469,0.03956,10.17164,10.17164,43.97101,43.97101,21.58,26.91176,0,0,},
{116.42737,0.04034,10.36567,10.36567,45,45,23.64,27.32352,0,0,},
{121.1229,0.04111,10.26119,10.26119,47.63768,47.63768,24.94,29.55882,0,0,},
{124.31564,0.04189,10.2985,10.2985,49.40579,49.40579,25.84,29.97058,0,0,},
{128.91899,0.0426599999999999,10.41791,10.41791,51.68115,51.68115,25.94,30.44117,0,0,},
{131.4972,0.0434399999999999,10.70895,10.70895,53.05797,53.05797,26.6,30.91176,0,0,},
{134.99162,0.0442199999999999,10.80597,10.80597,54.46376,54.46376,28.56,34.11764,0,0,},
{137.34357,0.0449900000000001,10.81343,10.81343,55.86956,55.86956,28.66,39.52941,0,0,},
{144.18156,0.0457700000000001,14.08955,14.08955,60.01449,60.01449,28.76,40,0,0,},
{149.33519,0.04654,14.07462,14.07462,63.37681,63.37681,28.86,40.5,0,0,},
{155.31564,0.04732,14.17164,14.17164,67.13043,67.13043,32.9,44.20588,0,0,},
{159.94692,0.04809,14.25373,14.25373,68.65217,68.65217,33,44.67647,0,0,},
{166.4134,0.04887,13.98507,13.98507,72.68115,72.68115,34.36,48.82352,0,0,},
{173.2877,0.04965,14.20895,14.20895,77.60869,77.60869,34.46,49.32352,0,0,},
{180.31005,0.0504199999999999,14.26119,14.26119,81.69565,81.69565,36.04,51.20588,0,0,},
{184.80167,0.0511999999999999,14.38059,14.38059,84.33333,84.33333,36.14,51.73529,0,0,},
{188.65921,0.0519700000000001,14.41791,14.41791,85.56521,85.56521,36.24,52.2647,0,0,},
{191.70391,0.0527500000000001,14.51492,14.51492,87.24637,87.24637,37.82,54.17647,0,0,},
{200.32681,0.05352,18.31343,18.31343,92.52173,92.52173,39.12,56.47058,0,0,},
{203.34078,0.0543,18.26865,18.26865,93.76811,93.76811,39.22,57.02941,0,0,},
{210.48603,0.05508,18.55223,18.55223,97.72463,97.72463,39.68,58.11764,0,0,},
{219.42737,0.05585,18.6791,18.6791,104.21739,104.21739,39.78,58.67647,0,0,},
{223.1229,0.05663,18.68656,18.68656,105.47826,105.47826,41,60.08823,0,0,},
{230.1229,0.0573999999999999,18.72388,18.72388,110.47826,110.47826,45.38,65.17647,0,0,},
{234.3324,0.0581799999999999,18.68656,18.68656,111.73913,111.73913,45.48,65.7647,0,0,},
{241.71229,0.0589599999999999,19.04477,19.04477,116.62318,116.62318,45.58,66.38235,0,0,},
{245.70111,0.0597300000000001,19.17164,19.17164,117.9855,117.9855,47.68,69.91176,0,0,},
{249.31843,0.0605100000000001,19.19402,19.19402,119.97101,119.97101,56.12,71.05882,0,0,},
{265.59776,0.06128,23.54477,23.54477,131.34782,131.34782,56.22,71.64705,0,0,},
{269.85474,0.06206,23.5597,23.5597,133.43478,133.43478,56.32,72.29411,0,0,},
{275.59217,0.0628299999999999,23.93283,23.93283,135.86956,135.86956,56.42,72.91176,0,0,},
{282.86592,0.0636099999999999,24.08955,24.08955,140.71014,140.71014,56.88,76.11764,0,0,},
{291.48324,0.0643899999999999,24.16417,24.16417,145.81159,145.81159,56.98,76.7647,0,0,},
{294.69273,0.0651600000000001,24.36567,24.36567,147.95652,147.95652,57.08,89.14705,0,0,},
{307.58938,0.0659400000000001,23.91791,23.91791,156.36231,156.36231,60.36,96.23529,0,0,},
{312.14525,0.06671,24.0597,24.0597,158.62318,158.62318,60.82,97.41176,0,0,},
{324.59497,0.06749,24.36567,24.36567,166.62318,166.62318,60.92,101.02941,0,0,},
{330.12849,0.06826,24.48507,24.48507,170.05797,170.05797,61.02,101.70588,0,0,},
{356.68994,0.06904,27.63432,27.63432,183.14492,183.14492,64.22,106.94117,0,0,},
{367.15083,0.06982,27.77611,27.77611,188.33333,188.33333,66.68,108.14705,0,0,},
{382.91061,0.0705899999999999,29.26865,29.26865,198.05797,198.05797,66.78,108.85294,0,0,},
{389.63407,0.0713699999999999,29.96268,29.96268,200.66666,200.66666,66.88,109.55882,0,0,},
{396.74581,0.0721400000000001,31.26865,31.26865,203.89855,203.89855,66.98,110.23529,0,0,},
{409.70391,0.0729200000000001,31.39552,31.39552,211.33333,211.33333,67.08,110.97058,0,0,},
{453.40502,0.0737000000000001,32.99253,32.99253,244.14492,244.14492,79.34,129.55882,0,0,},
{459.48603,0.07447,33.16417,33.16417,247.23188,247.23188,79.44,130.2647,0,0,},
{468.34078,0.07525,32.38805,32.38805,253.01449,253.01449,83.14,131,0,0,},
{483.46648,0.07602,32.5,32.5,263.52173,263.52173,83.24,131.73529,0,0,},
{497.42737,0.0768,34.2985,34.2985,272.89855,272.89855,83.34,132.47058,0,0,},
{11.180707,7.367347,7.367347,4.166667,4.166667,3.448276,3.448276,3.448276,3.448276,4.767857}, --等级差为100
{11.279891,7.489796,7.489796,4.208333,4.208333,3.482759,3.482759,3.482759,3.482759,4.846429}, --等级差为101
{11.377717,7.632653,7.632653,4.25,4.25,3.517241,3.517241,3.517241,3.517241,4.928571}, --等级差为102
{11.475543,7.77551,7.77551,4.291667,4.291667,3.551724,3.551724,3.551724,3.551724,5.007143}, --等级差为103
{11.574728,7.918367,7.918367,4.333333,4.333333,3.586207,3.586207,3.586207,3.586207,5.089286}, --等级差为104
{11.672554,8.061224,8.061224,4.375,4.375,3.62069,3.62069,3.62069,3.62069,5.171429}, --等级差为105
{11.77038,8.204082,8.204082,4.416667,4.416667,3.655172,3.655172,3.655172,3.655172,5.25}, --等级差为106
{11.868207,8.346939,8.346939,4.458333,4.458333,3.689655,3.689655,3.689655,3.689655,5.335714}, --等级差为107
{11.967391,8.510204,8.510204,4.5,4.5,3.724138,3.724138,3.724138,3.724138,5.417857}, --等级差为108
{12.065217,8.653061,8.653061,4.541667,4.541667,3.758621,3.758621,3.758621,3.758621,5.5}, --等级差为109
{12.163043,8.816327,8.816327,4.583333,4.583333,3.793103,3.793103,3.793103,3.793103,5.585714}, --等级差为110
{12.262228,8.979592,8.979592,4.625,4.625,3.827586,3.827586,3.827586,3.827586,5.671429}, --等级差为111
{12.360054,9.142857,9.142857,4.666667,4.666667,3.862069,3.862069,3.862069,3.862069,5.757143}, --等级差为112
{12.45788,9.326531,9.326531,4.708333,4.708333,3.896552,3.896552,3.896552,3.896552,5.842857}, --等级差为113
{12.557065,9.489796,9.489796,4.75,4.75,3.931034,3.931034,3.931034,3.931034,5.928571}, --等级差为114
{12.654891,9.673469,9.673469,4.791667,4.791667,3.965517,3.965517,3.965517,3.965517,6.017857}, --等级差为115
{12.752717,9.857143,9.857143,4.833333,4.833333,4,4,4,4,6.103571}, --等级差为116
{12.850543,10.040816,10.040816,4.875,4.875,4.034483,4.034483,4.034483,4.034483,6.192857}, --等级差为117
{12.949728,10.22449,10.22449,4.916667,4.916667,4.068966,4.068966,4.068966,4.068966,6.282143}, --等级差为118
{13.047554,10.428571,10.428571,4.958333,4.958333,4.103448,4.103448,4.103448,4.103448,6.371429}, --等级差为119
{13.14538,10.632653,10.632653,5,5,4.137931,4.137931,4.137931,4.137931,6.464286}, --等级差为120
{13.244565,10.836735,10.836735,5.041667,5.041667,4.172414,4.172414,4.172414,4.172414,6.553571}, --等级差为121
{13.342391,11.040816,11.040816,5.083333,5.083333,4.206897,4.206897,4.206897,4.206897,6.646429}, --等级差为122
{13.440217,11.265306,11.265306,5.125,5.125,4.241379,4.241379,4.241379,4.241379,6.7}, --等级差为123
{13.539402,11.489796,11.489796,5.166667,5.166667,4.275862,4.275862,4.275862,4.275862,6.8}, --等级差为124
{13.637228,11.714286,11.714286,5.208333,5.208333,4.310345,4.310345,4.310345,4.310345,6.9}, --等级差为125
{13.735054,11.938776,11.938776,5.25,5.25,4.344828,4.344828,4.344828,4.344828,7}, --等级差为126
{13.83288,12.183673,12.183673,5.291667,5.291667,4.37931,4.37931,4.37931,4.37931,7.1}, --等级差为127
{13.932065,12.428571,12.428571,5.333333,5.333333,4.413793,4.413793,4.413793,4.413793,7.2}, --等级差为128
{14.029891,12.693878,12.693878,5.375,5.375,4.448276,4.448276,4.448276,4.448276,7.3}, --等级差为129
{14.127717,12.959184,12.959184,5.416667,5.416667,4.482759,4.482759,4.482759,4.482759,7.4}, --等级差为130



}

TeamNumAdjustRate={  -- 队伍人数对怪物属性变化的影响系数
{ 0.0, 0.0, 0.0,},  -- 队伍人数为1对怪物属性的影响系数。
{ 0.0, 0.0, 0.0, },-- 队伍人数为2对怪物属性的影响系数。
{ 0.0, 0.0, 0.0, },  -- 队伍人数为3对怪物属性的影响系数。
{ 0.0, 0.0, 0.0, },-- 队伍人数为4对怪物属性的影响系数。
{ 0.0, 0.0, 0.0, },-- 队伍人数为5对怪物属性的影响系数。
}