--玩家每日刷怪经验上限
--从1级开始配置，每一行配置玩家每个等级对应的的每日刷怪获得经验上限
ExpUpLmtEveryDay =
{
67500,
94500,
135000,
189000,
256500,
337500,
432000,
540000,
661500,
796500,
945000,
1107000,
1282500,
1471500,
1674000,
1890000,
2119500,
2362500,
2619000,
2889000,
3095122,
3304286,
3516279,
3730909,
3948000,
4167391,
4388936,
4612500,
4837959,
5065200,
5294118,
5524615,
5756604,
5990000,
6224727,
6460714,
6697895,
6936207,
7175593,
7416000,
7657377,
7899677,
8142857,
8386875,
8631692,
8877273,
9123582,
9370588,
9618261,
9866571,
10115492,
10365000,
10615068,
10865675,
11116800,
11368421,
11620519,
11873076,
12126075,
12379500,
}