--玩家升级需要的经验表
--其中第1排分别表示0-1,1-2,2-3...9-10需要的经验
--其他类似
LevelUpExp = 
{
0,
100,
200,
400,
600,
1200,
2000,
3000,
4000,
5000,
6000,
7000,
8500,
10000,
12000,
14000,
16000,
18000,
20000,
22000,
30000,
40000,
50000,
60000,
70000,
160000,
200000,
238000,
425000,
502000,
623200,
800400,
984000,
1118000,
1268000,
1314000,
1320000,
1361000,
1513000,
1677000,
2356000,
2735100,
3004200,
3276000,
3570300,
3861900,
4339800,
4666500,
5018400,
5380200,
10850000,
11820000,
12808000,
13846000,
14915000,
16053000,
20040000,
21630000,
23316000,
25058000,
33166000,
35463000,
37888000,
40057000,
105715000,
133854000,
187884000,
246930000,
311178000,
381283000,
543944000,
75504000,
78836000,
82197000,
85631000,
89226000,
92844000,
96553000,
100353000,
104326000,
124702000,
129363000,
134217000,
139103000,
144108000,
149332000,
154581000,
159950000,
165548000,
171179000,
200457000,
207160000,
213897000,
220801000,
227854000,
235207000,
242598000,
250157000,
258028000,
265944000,
274045000,
}
